,chiefdom,total_people,total_deaths,per_capita
0, Kori,93.0,0.0,0.0
1, Lei,95.0,0.0,0.0
2,Badjia,16298.0,62.0,0.003804147748189962
3,Bagbe,123.0,3.0,0.024390243902439025
4,Bagbo,4489.0,24.0,0.005346402316774337
5,Bagbwe,16356.0,115.0,0.0070310589386157986
6,Bandafafeh,106.0,0.0,0.0
7,Baoma,30489.0,111.0,0.0036406572862343798
8,Bapewa,0.0,0.0,0.0
9,Barri,30640.0,183.0,0.005972584856396867
10,Benducha,11334.0,12.0,0.0010587612493382743
11,Bombali Shebora,5598.0,27.0,0.00482315112540193
12,Bonthe Municipal,2249.0,1.0,0.00044464206313917296
13,Bramaia,355.0,5.0,0.014084507042253521
14,Bum,33477.0,90.0,0.002688412940227619
15,Bumpe,26691.0,41.0,0.0015360983102918587
16,Bumpe Ngao,5483.0,41.0,0.007477658216304943
17,Buya Romende,2716.0,12.0,0.004418262150220913
18,Chepo,0.0,0.0,0.0
19,Dasse,299.0,0.0,0.0
20,Dea,584.0,0.0,0.0
21,Debia,0.0,0.0,0.0
22,Dema,12709.0,21.0,0.0016523723345660555
23,Dembelia Sikunia,322.0,1.0,0.003105590062111801
24,Diang,614.0,0.0,0.0
25,Fakunya,33814.0,52.0,0.001537824569704856
26,Fiama,1776.0,5.0,0.002815315315315315
27,Folosaba Dembelia,362.0,11.0,0.03038674033149171
28,Gallines Perri,12130.0,48.0,0.003957131079967024
29,Gbaama,0.0,0.0,0.0
30,Gbakahun,97.0,0.0,0.0
31,Gbane,350.0,4.0,0.011428571428571429
32,Gbane Kandor,1831.0,7.0,0.0038230475150191155
33,Gbaneh ,0.0,0.0,0.0
34,Gbanti Kamaranka,2543.0,9.0,0.003539127015336217
35,Gbap,0.0,0.0,0.0
36,Gbayafe,22.0,1.0,0.045454545454545456
37,Gbendembu Ngowahun,2850.0,5.0,0.0017543859649122807
38,Gbene,314.0,4.0,0.012738853503184714
39,Gbense,3474.0,14.0,0.004029936672423719
40,Gbinleh Dixon,0.0,0.0,0.0
41,Gbo,2805.0,0.0,0.0
42,Gbomoti,0.0,0.0,0.0
43,Gbonkolenken,10979.0,67.0,0.006102559431642226
44,Gorama,0.0,0.0,0.0
45,Gorama Kankama,0.0,0.0,0.0
46,Gorama Kono,0.0,0.0,0.0
47,Goramakono,0.0,0.0,0.0
48,Imperi,1475.0,0.0,0.0
49,Jaiafeh,90.0,0.0,0.0
50,Jaiama Bongor,21090.0,48.0,0.002275960170697013
51,Jaluahun,7664.0,33.0,0.004305845511482255
52,Jassande Keifema,0.0,0.0,0.0
53,Jawei,6242.0,46.0,0.007369432874078821
54,Jong,25794.0,46.0,0.0017833604714274638
55,K/Kemoh,0.0,0.0,0.0
56,Kafe Simiria,13710.0,105.0,0.007658643326039387
57,Kaffu-Bullom,1981.0,36.0,0.01817264008076729
58,Kahekay,0.0,0.0,0.0
59,Kaiyamba,13563.0,17.0,0.0012534100125341002
60,Kaiyamba Fakunya,0.0,0.0,0.0
61,Kakua,8127.0,34.0,0.004183585578934416
62,Kallansogoia,10395.0,30.0,0.002886002886002886
63,Kamara,3984.0,10.0,0.0025100401606425703
64,Kasunko,2311.0,13.0,0.005625270445694505
65,Kataway,0.0,0.0,0.0
66,Kemoh,0.0,0.0,0.0
67,Kholifa Mabang,11086.0,39.0,0.0035179505682843225
68,Kholifa Rowalla,8176.0,40.0,0.004892367906066536
69,Kissi Kama,1020.0,3.0,0.0029411764705882353
70,Kissi Teng,4502.0,43.0,0.009551310528653932
71,Kissi Tongi,3328.0,34.0,0.010216346153846154
72,Komboya,13030.0,38.0,0.0029163468917881813
73,Kongbora,7294.0,9.0,0.0012338908692075678
74,Kongbora ,39.0,0.0,0.0
75,Kongobora,272.0,1.0,0.003676470588235294
76,Kongonfenjah,17.0,0.0,0.0
77,Kori,34147.0,63.0,0.0018449644185433566
78,Koya,5674.0,10.0,0.0017624250969333803
79,Kpaka,17952.0,96.0,0.0053475935828877
80,Kpanda Kema,672.0,4.0,0.005952380952380952
81,Kpanga Kabbordeh,0.0,0.0,0.0
82,Kpanga Kabondeh,1119.0,0.0,0.0
83,Kpanga Krim,2647.0,9.0,0.003400075557234605
84,Kpanga Krim/Kabondeh,985.0,2.0,0.0020304568527918783
85,Kunike,14532.0,93.0,0.006399669694467382
86,Kunike Barina,17129.0,44.0,0.0025687430673127444
87,Kwamebai Krim,6776.0,23.0,0.003394332939787485
88,Lei,768.0,0.0,0.0
89,Levuma,0.0,0.0,0.0
90,Libeisaygahun,1957.0,0.0,0.0
91,Luawa,19365.0,68.0,0.00351148980118771
92,Lugbu,13998.0,66.0,0.004714959279897128
93,Mafindor,1812.0,7.0,0.003863134657836645
94,Maforki,6759.0,13.0,0.0019233614440005919
95,Magbema,84.0,0.0,0.0
96,Mainkandor,93.0,0.0,0.0
97,Makari Gbanti,4669.0,25.0,0.005354465624330691
98,Makpele,13064.0,45.0,0.0034445805266380895
99,Malal Mara,9011.0,41.0,0.004549994451226279
100,Malema,5964.0,16.0,0.0026827632461435278
101,Malen,22220.0,81.0,0.0036453645364536453
102,Mambolo,0.0,0.0,0.0
103,Mandu,3226.0,47.0,0.014569125852448853
104,Mano Dasse,150.0,1.0,0.006666666666666667
105,Mano River,0.0,0.0,0.0
106,Marampa,5566.0,20.0,0.0035932446999640674
107,Massaquoi [1],0.0,0.0,0.0
108,Massaquoi [2],0.0,0.0,0.0
109,Masungbala,714.0,2.0,0.0028011204481792717
110,Melema ,0.0,0.0,0.0
111,Moindefeh,53.0,1.0,0.018867924528301886
112,Moindekoh,130.0,0.0,0.0
113,Moiwebu,0.0,0.0,0.0
114,Mongor,93.0,0.0,0.0
115,Ndoipeh,0.0,0.0,0.0
116,Ngoleima,0.0,0.0,0.0
117,Niawa Lenga,12256.0,26.0,0.0021214099216710185
118,Nieni,239.0,1.0,0.0041841004184100415
119,Nimikoro,2402.0,25.0,0.010407993338884263
120,Nimiyama,14968.0,78.0,0.00521111704970604
121,Njakor,95.0,0.0,0.0
122,Njala Komboya,175.0,0.0,0.0
123,Nongoba Bullom,0.0,0.0,0.0
124,Nongorba,578.0,2.0,0.0034602076124567475
125,Nyango,0.0,0.0,0.0
126,Nyangoehun,0.0,0.0,0.0
127,Owawor,17.0,0.0,0.0
128,Paki Massabong,4915.0,17.0,0.0034587995930824007
129,Parvu,0.0,0.0,0.0
130,Peje,6836.0,42.0,0.006143943826799298
131,Peje Bongre,1427.0,8.0,0.005606166783461808
132,Peje West,997.0,0.0,0.0
133,Pesseh,0.0,0.0,0.0
134,Peyifeh,84.0,0.0,0.0
135,Pumpeh Ngao,0.0,0.0,0.0
136,Saaba,0.0,0.0,0.0
137,Safroko Limba,16378.0,64.0,0.003907681035535474
138,Safroko Limba(Kalasokia),43.0,0.0,0.0
139,Safroko Limba(Makateh,28.0,0.0,0.0
140,Sakrim,0.0,0.0,0.0
141,Sambaia,16350.0,85.0,0.005198776758409786
142,Sambaia Bendugu,1632.0,17.0,0.010416666666666666
143,Sanda Loko,12021.0,85.0,0.007070959154812412
144,Sanda Tendaren,1844.0,5.0,0.0027114967462039045
145,Sandor,7227.0,7.0,0.0009685900096859
146,Selenga,2959.0,15.0,0.005069280162216965
147,Sella Limba,11646.0,58.0,0.004980250729864331
148,Sengbe,336.0,11.0,0.03273809523809524
149,Sinkongofeh,79.0,0.0,0.0
150,Sittia,5418.0,4.0,0.0007382798080472499
151,Soa,1647.0,6.0,0.0036429872495446266
152,Sogbini,2340.0,8.0,0.003418803418803419
153,Soro Gbema,24022.0,82.0,0.0034135375905420032
154,Sowa,18888.0,116.0,0.006141465480728505
155,Sulima,2129.0,5.0,0.0023485204321277596
156,T.m. Safroko,0.0,0.0,0.0
157,Taama Forest,94.0,0.0,0.0
158,Tane,19744.0,99.0,0.005014181523500811
159,Tankoro,1552.0,5.0,0.0032216494845360823
160,Tikonko,3616.0,17.0,0.004701327433628319
161,Timadale,1113.0,6.0,0.005390835579514825
162,Toli,1118.0,5.0,0.004472271914132379
163,Tonko Limba,504.0,0.0,0.0
164,Upper Bambara,3865.0,3.0,0.0007761966364812419
165,Valunia,39317.0,262.0,0.0066637841137421475
166,Wara-Wara Bafodea,266.0,1.0,0.0037593984962406013
167,Wara-Wara Yagala,340.0,0.0,0.0
168,Woefeh,140.0,0.0,0.0
169,Wonde,6730.0,24.0,0.003566121842496285
170,Yawantanda,168.0,0.0,0.0
171,Yawbeko,9736.0,32.0,0.003286770747740345
172,Yawma,0.0,0.0,0.0
173,Yekomo Kpukumu Krim,643.0,0.0,0.0
174,Yoni Yoni,27065.0,77.0,0.0028450027711065954
175,Zoker [2],0.0,0.0,0.0
176,Zombo [1],0.0,0.0,0.0
