District,Male_child,Male_Adult,Total_male,Female_child,Female_adult,Total_female,Chiefs,Youth_leaders,Religious_leaders,Police,Women_leaders,Health_workers,ss_mc,ss_fc,ss_ma,ss_fa,r_fc,r_ma,d_mc,d_fc,d_ma,d_fa,b_mc,b_fc,b_ma,b_fa,cb_mc,cb_fc,cb_ma,cb_fa,Male_Child,Grand_total,total_deaths,total_people,deaths_per_capita
*,34.0,52.0,86,25.0,28.0,53.0,2.0,4.0,0.0,1.0,1.0,4.0,0.0,0.0,0.0,0.0,0.0,0.0,0.0,0.0,0.0,1.0,0.0,0.0,0.0,1.0,0.0,0.0,0.0,0.0,0.0,0.0,1.0,139.0,0.007194244604316547
Bo,0.0,96943.0,214243,76494.0,93286.0,206430.0,10933.0,10182.0,11073.0,2760.0,8595.0,5726.0,879.0,834.0,639.0,681.0,776.0,575.0,583.0,450.0,603.0,522.0,539.0,405.0,546.0,489.0,43.0,34.0,41.0,29.0,77693.0,366515.0,2157.0,420673.0,0.005127498080456792
Bombali,39.0,50886.0,130595,44906.0,45507.0,120671.0,6791.0,7220.0,6476.0,1337.0,5907.0,2602.0,849.0,608.0,592.0,624.0,583.0,542.0,335.0,221.0,404.0,463.0,303.0,205.0,374.0,432.0,32.0,14.0,29.0,31.0,49191.0,212459.0,1423.0,251266.0,0.005663320942745935
Bonthe,1914.0,58290.0,110244,35623.0,42004.0,83652.0,6104.0,6694.0,6144.0,1699.0,4936.0,2232.0,555.0,490.0,433.0,436.0,452.0,402.0,146.0,136.0,153.0,140.0,131.0,119.0,143.0,129.0,15.0,15.0,11.0,9.0,43121.0,175985.0,573.0,193896.0,0.002955192474316128
Kailahun,48.0,34366.0,82432,26449.0,25372.0,72009.0,4687.0,4579.0,4392.0,941.0,4076.0,2292.0,460.0,343.0,309.0,299.0,303.0,265.0,223.0,169.0,247.0,244.0,209.0,158.0,232.0,227.0,14.0,12.0,16.0,16.0,25980.0,120663.0,883.0,154441.0,0.005717393697269507
Kambia,0.0,6583.0,20258,5904.0,6355.0,19118.0,1079.0,1006.0,1200.0,76.0,930.0,327.0,203.0,161.0,103.0,121.0,88.0,65.0,39.0,23.0,125.0,89.0,31.0,19.0,85.0,67.0,6.0,2.0,33.0,14.0,6447.0,26946.0,276.0,39376.0,0.007009345794392523
Koinadugu,0.0,5124.0,17311,3476.0,4207.0,16017.0,899.0,971.0,965.0,167.0,903.0,257.0,257.0,235.0,178.0,192.0,211.0,163.0,38.0,33.0,94.0,123.0,37.0,29.0,86.0,111.0,2.0,2.0,7.0,8.0,4266.0,19376.0,288.0,33328.0,0.008641382621219395
Kono,3333.0,20920.0,52280,13974.0,16139.0,43075.0,3525.0,3593.0,3582.0,753.0,3034.0,1578.0,918.0,546.0,450.0,482.0,460.0,293.0,169.0,240.0,197.0,249.0,143.0,225.0,164.0,212.0,25.0,17.0,32.0,35.0,14516.0,63466.0,855.0,95355.0,0.008966493629070316
Moyamba,0.0,64551.0,137393,56013.0,57148.0,129116.0,6556.0,6458.0,7043.0,1932.0,6223.0,3361.0,1264.0,960.0,973.0,704.0,898.0,929.0,242.0,155.0,189.0,219.0,221.0,127.0,169.0,198.0,17.0,23.0,17.0,8.0,56855.0,240760.0,804.0,266509.0,0.0030167836733468664
Port Loko,933.0,16242.0,59290,17092.0,16882.0,61973.0,4436.0,4040.0,4392.0,378.0,3522.0,1104.0,167.0,186.0,305.0,336.0,143.0,214.0,335.0,345.0,651.0,796.0,290.0,309.0,579.0,659.0,25.0,27.0,69.0,63.0,16362.0,83705.0,2110.0,121255.0,0.01740134427446291
Pujehun,1373.0,74616.0,136216,47231.0,68631.0,127249.0,4967.0,6605.0,6263.0,2125.0,5347.0,3840.0,2148.0,1661.0,1543.0,1729.0,1520.0,1445.0,440.0,385.0,448.0,410.0,422.0,350.0,419.0,366.0,16.0,35.0,31.0,44.0,48511.0,233726.0,1683.0,263465.0,0.006387945267872393
Tonkolili,0.0,34994.0,92491,31271.0,30209.0,81610.0,5034.0,6080.0,5784.0,1608.0,4894.0,1922.0,1080.0,855.0,790.0,742.0,824.0,739.0,364.0,235.0,442.0,403.0,324.0,219.0,414.0,373.0,40.0,17.0,27.0,30.0,35071.0,146802.0,1444.0,174101.0,0.008294036220354852
